11.28
13.26
15.07
15.32
17.73
13.95
15.77
10.93
15.59
24.19
24.37
16.79
17.16
18.86
21.71
19.83
19.36
20.9
22.74
18.39
23.49
23.29
24.65
25.94
25.87
25.7
25.01
26.87
26.11
24.54
30.02
25.91
27.95
28.93
29.99
26.4
24.16
29.78
29.02
23.51
29.72
26.37
31.05
31.89
32.64
31.3
37.64
31.24
30.26
31.44
31.75
32.1
30.01
33.57
33.37
32.87
32.06
33.89
34.78
30.08
33.56
32.78
32.42
33.66
36.39
35.32
34.16
34.99
38.44
33.21
36.34
37.54
38.36
35.13
33.62
37.32
35.64
37.02
35.17
35.69
37.99
34.82
37.65
39.1
39.79
40.08
35.03
39.09
41.64
38.21
41.65
43.84
42.46
35.61
40.13
40.55
38.53
40.52
41.02
43.33
45.27
40.25
44.44
43.13
43.15
41.51
44.67
41.7
44.57
48.53
49.46
46.68
46.62
44.01
48.13
44.68
44.5
44.73
44.12
42.41
46.83
50.76
45.66
47.04
48.24
44.89
45.29
45.37
50.93
49.75
46.97
45.5
47.21
52.16
44.77
45.68
49.2
54.48
50.82
50.95
47.95
52.21
50.96
54.16
53.49
51.48
52.96
54.32
53.9
57.14
48.2
56.52
54.78
60.71
64.46
53.49
62.36
51.99
62.88
61.98
57.88
52.37
58.88
54.73
61.65
59.65
59.74
59.1
65.29
65.64
60.76
66.75
70.07
68.41
69.68
70.05
71.42
69.73
67.75
71.89
65.91
69.89
69.47
66.44
66.77
70.99
68.08
70.79
68.55
74.66
79.85
75.46
83.42
90.33
78.56